   0.01588
   0.17174
   0.18557
   0.26956
   0.36021
   0.48070
   0.64066
   0.88341
   1.19394
   1.56246
   2.04588
   2.75528
   3.85063
   5.39122
   7.29081
   9.22031
  11.19922
  12.94030
  13.49105
  12.59495
  11.28266
  10.39056
   9.81848
   9.41937
   9.08262
   8.79954
   8.55745
   8.29898
   7.99063
   7.66897
   7.36116
   7.03955
   6.68347
   6.32099
   5.99593
   5.69896
   5.39676
   5.08870
   4.79235
   4.51412
   4.23791
   3.96565
   3.70056
   3.43823
   3.17396
   2.92535
   2.68495
   2.44221
   2.21389
   2.00516
   1.80489
   1.60603
   1.40083
   1.18698
   0.98873
   0.80916
   0.64249
   0.47615
   0.30356
   0.13317
  -0.02806
  -0.18240
  -0.34102
  -0.49923
  -0.64912
  -0.79133
  -0.93091
  -1.06630
  -1.18419
  -1.30215
  -1.42755
  -1.54890
  -1.66210
  -1.76767
  -1.87156
  -1.96280
  -2.04789
  -2.13516
  -2.22579
  -2.30348
  -2.37318
  -2.45195
  -2.54142
  -2.62643
  -2.69792
  -2.75854
  -2.81647
  -2.87571
  -2.93978
  -3.00733
  -3.06551
  -3.10155
  -3.12625
  -3.16715
  -3.21469
  -3.25152
  -3.28493
  -3.32292
  -3.35981
  -3.40112
  -3.43336
  -3.45052
  -3.47593
  -3.51335
  -3.54246
  -3.55113
  -3.54402
  -3.54200
  -3.56236
  -3.58476
  -3.58997
  -3.59484
  -3.60281
  -3.60633
  -3.60094
  -3.58424
  -3.56900
  -3.56083
  -3.56503
  -3.57364
  -3.57582
  -3.57191
  -3.57578
  -3.57934
  -3.56661
  -3.55013
  -3.53694
  -3.52373
  -3.50469
  -3.49377
  -3.48822
  -3.47456
  -3.45330
  -3.42523
  -3.39533
  -3.36585
  -3.35048
  -3.33937
  -3.31647
  -3.28316
  -3.25463
  -3.23927
  -3.22177
  -3.20274
  -3.17538
  -3.14189
  -3.10914
  -3.08503
  -3.06777
  -3.04193
  -3.01264
  -2.98071
  -2.95089
  -2.92627
  -2.89905
  -2.86310
  -2.83008
  -2.80596
  -2.77383
  -2.74703
  -2.72573
  -2.69411
  -2.65324
  -2.61759
  -2.59121
  -2.56757
  -2.54911
  -2.52236
  -2.48436
  -2.44286
  -2.40841
  -2.37499
  -2.33564
  -2.29700
  -2.27031
  -2.24911
  -2.22036
  -2.18887
  -2.15962
  -2.12772
  -2.08955
  -2.05265
  -2.02051
  -1.99719
  -1.96496
  -1.93559
  -1.91632
  -1.88583
  -1.84891
  -1.81672
  -1.79091
  -1.76613
  -1.74004
  -1.70493
  -1.67155
  -1.64582
  -1.61679
  -1.58231
  -1.54923
  -1.52979
  -1.51117
  -1.47071
  -1.42984
  -1.40361
  -1.37737
  -1.35348
  -1.33437
  -1.30970
  -1.27643
  -1.24551
  -1.21305
  -1.18423
  -1.17052
  -1.15052
  -1.10802
  -1.06358
  -1.03044
  -0.99941
  -0.96798
  -0.94323
  -0.92029
  -0.89474
  -0.86631
  -0.84201
  -0.82938
  -0.80906
  -0.77238
  -0.73349
  -0.70783
  -0.69756
  -0.68914
  -0.67272
  -0.64173
  -0.60169
  -0.56497
  -0.53873
  -0.52113
  -0.50699
  -0.49717
  -0.48427
  -0.45564
  -0.41300
  -0.37536
  -0.35859
  -0.34957
  -0.33660
  -0.31972
  -0.29465
  -0.27109
  -0.24917
  -0.22512
  -0.19971
  -0.18548
  -0.17710
  -0.16116
  -0.14912
  -0.13486
  -0.12204
  -0.10629
  -0.08243
  -0.05457
  -0.03059
  -0.00601
   0.01857
   0.03033
   0.03265
   0.03432
   0.05550
   0.07778
   0.09818
   0.12177
   0.14742
   0.15940
   0.17326
   0.18608
   0.18783
   0.19681
   0.21510
   0.23885
   0.25917
   0.27936
   0.28488
   0.28418
   0.29481
   0.31657
   0.32963
   0.33206
   0.33644
   0.35101
   0.36652
   0.38361
   0.40530
   0.42749
   0.43499
   0.43044
   0.42449
   0.42475
   0.43624
   0.45190
   0.45953
   0.46920
   0.49889
   0.51614
   0.51623
   0.52332
   0.52800
   0.51959
   0.53299
   0.57210
   0.60204
   0.60894
   0.60198
   0.58896
   0.58309
   0.58340
   0.59067
   0.60759
   0.62556
   0.63525
   0.63950
   0.65347
   0.66840
   0.67553
   0.67897
   0.67801
   0.67421
   0.67638
   0.68185
   0.67679
   0.67007
   0.68008
   0.68807
   0.69212
   0.69450
   0.69713
   0.70073
   0.70775
   0.71975
   0.73247
   0.74192
   0.74270
   0.74434
   0.74664
   0.74992
   0.75211
   0.74415
   0.73383
   0.73757
   0.75262
   0.76143
   0.76298
   0.76492
   0.76427
   0.76719
   0.77093
   0.76538
   0.76238
   0.76649
   0.77404
   0.78441
   0.79946
   0.79880
   0.78540
   0.77404
   0.76542
   0.77182
   0.79093
   0.80512
   0.79767
   0.78929
   0.79620
   0.80800
   0.80497
   0.79426
   0.79064
   0.79234
   0.80163
   0.80453
   0.79490
   0.78560
   0.79672
   0.80756
   0.80564
   0.80371
   0.79835
   0.78879
   0.77833
   0.77578
   0.77498
   0.79101
   0.81207
   0.82372
   0.82157
   0.80326
   0.77553
   0.76322
   0.76949
   0.77387
   0.78071
   0.78433
   0.78407
   0.78368
   0.78284
   0.77527
   0.76536
   0.76840
   0.77367
   0.76946
   0.75909
   0.75161
   0.74345
   0.74022
   0.74608
   0.74730
   0.75022
   0.76018
   0.76396
   0.75711
   0.74545
   0.73783
   0.73091
   0.72248
   0.71618
   0.71510
   0.71930
   0.72616
   0.73528
   0.73329
   0.72779
   0.72282
   0.71490
   0.70658
   0.69994
   0.69299
   0.68244
   0.68113
   0.68302
   0.68300
   0.68540
   0.69327
   0.69332
   0.67910
   0.67086
   0.67567
   0.68096
   0.67716
   0.67191
   0.65995
   0.65638
   0.66448
   0.67727
   0.67625
   0.66870
   0.65839
   0.64379
   0.63505
   0.63945
   0.64805
   0.64049
   0.63838
   0.65017
   0.64901
   0.62977
   0.62578
   0.63756
   0.64982
   0.65560
   0.64617
   0.62112
   0.61027
   0.61173
   0.60352
   0.58358
   0.57484
   0.58548
   0.60056
   0.60058
   0.59570
   0.59028
   0.57885
   0.57033
   0.56830
   0.56304
   0.54448
   0.53982
   0.54360
   0.54841
   0.54381
   0.53107
   0.52124
   0.52296
   0.52708
   0.52069
   0.50884
   0.48779
   0.47589
   0.48393
   0.49327
   0.50033
   0.50757
   0.49993
   0.47338
   0.45808
   0.45742
   0.46077
   0.46687
   0.47650
   0.47497
   0.47110
   0.47444
   0.47585
   0.47672
   0.47042
   0.46069
   0.45417
   0.45350
   0.44877
   0.44533
   0.44720
   0.43803
   0.42701
   0.42497
   0.43085
   0.43320
   0.42578
   0.42060
   0.42142
   0.41899
   0.40640
   0.39629
   0.39292
   0.38756
   0.38244
   0.38149
   0.38376
   0.38192
   0.36769
   0.36131
   0.37239
   0.38771
   0.38765
   0.38079
   0.37381
   0.36525
   0.36306
   0.36413
   0.36691
   0.36789
   0.36319
   0.35497
   0.34540
   0.33606
   0.33142
   0.33770
   0.34143
   0.32927
   0.30585
   0.29384
   0.30209
   0.31845
   0.33309
   0.34098
   0.33356
   0.32333
   0.32437
   0.31885
   0.30177
   0.28008
   0.27202
   0.26957
   0.26844
   0.27635
   0.28243
   0.27625
   0.25446
   0.24139
   0.25298
   0.27526
   0.28186
   0.27978
   0.27378
   0.25426
   0.23956
   0.24028
   0.23953
   0.23693
   0.24123
   0.24690
   0.25157
   0.26238
   0.26463
   0.24619
   0.23004
   0.23387
   0.23568
   0.22474
   0.21588
   0.21238
   0.21533
   0.22057
   0.22650
   0.22459
   0.21233
   0.19726
   0.19722
   0.20741
   0.21323
   0.20815
   0.19887
   0.19173
   0.18486
   0.17735
   0.16703
   0.16433
   0.16884
   0.17660
   0.17509
   0.17418
   0.17800
   0.16871
   0.15253
   0.15250
   0.16615
   0.17227
   0.16768
   0.15827
   0.15405
   0.16028
   0.16819
   0.16445
   0.14630
   0.12414
   0.11558
   0.12123
   0.12195
   0.11784
   0.12492
   0.13888
   0.14359
   0.14761
   0.15622
   0.15327
   0.14728
   0.15016
   0.15207
   0.13945
   0.12972
   0.12679
   0.11824
   0.10704
   0.10705
   0.11453
   0.12150
   0.12977
   0.13551
   0.13248
   0.12708
   0.11600
   0.10091
   0.09478
   0.08460
   0.06840
   0.06514
   0.07596
   0.08716
   0.09626
   0.09784
   0.08912
   0.08614
   0.08819
   0.08958
   0.09179
   0.08580
   0.07969
   0.07409
   0.06999
   0.06341
   0.06320
   0.06204
   0.05542
   0.05296
   0.04754
   0.05001
   0.06105
   0.07113
   0.06480
   0.06039
   0.06831
   0.08025
   0.08252
   0.08556
   0.09306
   0.08845
   0.07270
   0.05917
   0.04952
   0.04026
   0.03692
   0.03691
   0.04814
   0.05967
   0.06436
   0.06327
   0.05793
   0.04491
   0.03243
   0.03330
   0.03562
   0.03455
   0.03308
   0.02980
   0.02513
   0.02151
   0.02612
   0.03336
   0.03754
   0.02979
   0.01988
   0.01389
   0.01409
   0.01490
   0.00845
   0.00794
   0.01518
   0.01663
   0.00954
   0.00578
   0.00378
   0.00104
  -0.00387
  -0.00774
  -0.01116
  -0.01365
  -0.01311
  -0.01335
  -0.01210
  -0.00501
   0.00592
   0.01131
   0.01458
   0.01781
   0.01739
   0.00763
  -0.01005
  -0.02231
  -0.02025
  -0.00373
   0.00933
   0.00802
   0.00109
   0.00462
   0.00678
   0.00645
   0.00278
  -0.00322
  -0.00564
  -0.00961
  -0.01599
  -0.01904
  -0.00920
  -0.00325
  -0.00164
   0.00081
   0.00321
   0.00530
   0.00345
  -0.00560
  -0.01463
  -0.01042
   0.00333
   0.00799
   0.00359
   0.00184
   0.00712
   0.00946
   0.00030
   0.00416
   0.01322
   0.00936
  -0.00492
  -0.01035
  -0.00850
  -0.00735
  -0.00757
  -0.01127
  -0.00822
  -0.00266
   0.00264
  -0.00103
  -0.00662
  -0.01151
  -0.01705
  -0.02380
  -0.02726
  -0.02489
  -0.02555
  -0.03192
  -0.03286
  -0.02405
  -0.01100
  -0.00914
  -0.01796
  -0.01759
  -0.01210
  -0.01744
  -0.02339
  -0.01509
  -0.01183
  -0.01697
  -0.02662
  -0.03175
  -0.02243
  -0.01730
  -0.01837
  -0.01662
  -0.01220
  -0.00777
  -0.01082
  -0.01974
  -0.02785
  -0.02683
  -0.03368
  -0.04582
  -0.05167
  -0.04507
  -0.03857
  -0.03968
  -0.04158
  -0.03841
  -0.02959
  -0.02744
  -0.03736
  -0.05185
  -0.05277
  -0.04695
  -0.03641
  -0.03014
  -0.03487
  -0.03966
  -0.03221
  -0.02457
  -0.01977
  -0.01684
  -0.01532
  -0.02504
  -0.04466
  -0.05728
  -0.05448
  -0.05641
  -0.06841
  -0.06831
  -0.06261
  -0.06079
  -0.05719
  -0.04197
  -0.03229
  -0.02874
  -0.02551
  -0.03006
  -0.04006
  -0.03767
  -0.03335
  -0.04106
  -0.04704
  -0.05184
  -0.05874
  -0.05633
  -0.04623
  -0.04411
  -0.05104
  -0.04961
  -0.04836
  -0.04931
  -0.04867
  -0.04844
  -0.04793
  -0.04014
  -0.02177
  -0.01512
  -0.01713
  -0.01916
  -0.02231
  -0.03829
  -0.05119
  -0.04952
  -0.04630
  -0.04384
  -0.04591
  -0.05585
  -0.06541
  -0.06284
  -0.05082
  -0.03559
  -0.02654
  -0.02418
  -0.02513
  -0.03559
  -0.05735
  -0.06693
  -0.06441
  -0.05337
  -0.03571
  -0.03261
  -0.04932
  -0.07070
  -0.07557
  -0.06387
  -0.05071
  -0.04381
  -0.03449
  -0.02425
  -0.02394
  -0.02481
  -0.01973
  -0.00362
   0.01439
   0.01223
   0.00947
   0.01408
   0.00939
  -0.00518
  -0.02020
  -0.02426
  -0.01918
  -0.00406
   0.00422
   0.00999
   0.01353
   0.00684
   0.00859
   0.01701
   0.02682
   0.03156
   0.03633
   0.02893
   0.01549
   0.01020
   0.01492
   0.01604
   0.01590
   0.02486
   0.03301
   0.02983
   0.01990
   0.00995
   0.00293
   0.01125
   0.02415
   0.03686
   0.04565
   0.05307
   0.05291
   0.04270
   0.03363
   0.03575
   0.03983
   0.03438
   0.03724
   0.05314
   0.06733
   0.06278
   0.04644
   0.03588
   0.04190
   0.05399
   0.05631
   0.05353
   0.05055
   0.04562
   0.04377
   0.04635
   0.04876
   0.05184
   0.05445
   0.05525
   0.05095
   0.04400
   0.04751
   0.05815
   0.06231
   0.06120
   0.05687
   0.05171
   0.06059
   0.07503
   0.07259
   0.06525
   0.06761
   0.07413
   0.07709
   0.07474
   0.07428
   0.07653
   0.07812
   0.08730
   0.09604
   0.09056
   0.08369
   0.09569
   0.10457
   0.09788
   0.08926
   0.08569
   0.08545
   0.08849
   0.09877
   0.10588
   0.09795
   0.09036
   0.09968
   0.10778
   0.10974
   0.11599
   0.12940
   0.14010
   0.14233
   0.13802
   0.14305
   0.15486
   0.17205
   0.15038
   0.15106
   0.14540
   0.07121
